1064
1075
1095
1134
1167
1195
1215
1238
1264
1290
1319
1354
1390
1424
1447
1466
1491
1508
1535
1547
1565
1586
1601
1610
1621
1641
1658
1671
1680
1704
1734
1756
1764
1791
1797
1802
1806
1808
1809
1814
1816
1826
1834
1841
1850
1862
1869
1877
1882
1886
1893
1897
1900
1902
1902
1904
1912
1915
1917
1923
1927
1933
1937
1942
1950
1954
1963
1967
1970
1970
1973
1977
1981
1982
1985
1989
1995
1996
2000
2001
2004
2008
2015
2016
2020
2024
2028
2030
2032
2034
2037
2041
2044
2045
2048
2050
2053
2054
2058
2062
2063
2069
2071
2083
2088
2096
2107
2115
2139
2163
2181
2183
2195
