3754
3756
3756
3757
3757
3758
3758
3758
3760
3761
3762
3763
3764
3764
3765
3766
3766
3767
3768
3769
3771
3772
3773
3774
3776
3776
3777
3778
3780
3782
3783
3784
3785
3786
3787
3789
3790
3791
3792
3793
3793
3795
3795
3795
3795
3795
3795
3795
3796
3797
3797
3798
3799
3801
3802
3802
3803
3804
3805
3550
3552
3553
3555
3556
3558
3560
3561
3562
3564
3568
3569
3572
3576
3577
3579
3583
3586
3589
3592
3595
3597
3598
3600
3035
3035
3047
3052
3057
3060
3064
3068
3011
3015
3021
3027
3035
2790
2799
2807
2815
2820
2823
2828
2836
2839
2844
